   0.0000000000000000        21.919791967056288        68.169618074489748        28.944735432670956        30.144516762965083        50.345766332223022        121.77795533992324        38.210542891666520        24.868984549425150        36.460795294797599     

   21.919791967056288        0.0000000000000000        122.49614073635000        92.808062201149070        52.490633550708367        36.191923011948049        184.04166876569278        67.077906007853997        49.967740132788506        77.251919022514699     

   68.169618074489748        122.49614073635000        0.0000000000000000        34.285241633661137        167.46504799632078        191.79170128983489        31.411742548098747        91.142972872329068        16.596139715696189        36.317519648595528     

   28.944735432670956        92.808062201149070        34.285241633661137        0.0000000000000000        66.033275152729558        105.74036968571357        52.954043503109318        32.133405691248583        32.193522962383511        50.309018056723829     

   30.144516762965083        52.490633550708367        167.46504799632078        66.033275152729558        0.0000000000000000        22.090082210755863        199.09417009558206        38.603373047261400        104.16294105530733        125.86771754265484     

   50.345766332223022        36.191923011948049        191.79170128983489        105.74036968571357        22.090082210755863        0.0000000000000000        203.48000300635596        36.451460038237968        114.39831782622664        169.48684077140467     

   121.77795533992324        184.04166876569278        31.411742548098747        52.954043503109318        199.09417009558206        203.48000300635596        0.0000000000000000        75.758513642444825        65.102476086357200        126.27694640281699     

   38.210542891666520        67.077906007853997        91.142972872329068        32.133405691248583        38.603373047261400        36.451460038237968        75.758513642444825        0.0000000000000000        62.922061586630271        120.31972022050563     

   24.868984549425150        49.967740132788506        16.596139715696189        32.193522962383511        104.16294105530733        114.39831782622664        65.102476086357200        62.922061586630271        0.0000000000000000        19.081342878858369     

   36.460795294797599        77.251919022514699        36.317519648595528        50.309018056723829        125.86771754265484        169.48684077140467        126.27694640281699        120.31972022050563        19.081342878858369        0.0000000000000000     

