 # there are            6  atoms
 # index, eigenvectors, eigenvalues
           0 -0.16614259843278856       0.25772573942040294      -0.21265930642908348      -0.12644075880762226       0.23726234881099201       0.32397570153543598      -0.19677570908944178      -0.12785665696225945      -0.29653459124042725       0.15224436708457859       -8.7582975513304059E-002  -9.8281552952128814E-002   3.2455640672883444E-002  0.12758006364224314      -0.17575740209674107       0.28323214280747822      -0.12785665696226026      -0.34260401258241396      -0.16218330812836348       0.23726234881099270      -0.10862969493831125      -0.22228548192888156       0.25772573942040311      -0.16614259843278850     
           1 -0.11654174557416666       0.21186516674681560      -0.11484104357189438        6.4355077202691485E-002  0.25828865346152385       0.21695909204268185       0.11891172557305214      -0.20367820408077408      -0.28011478509854265      -0.18068430557275486       0.11898435785066874      -0.35989395307492211       0.27141014970791449      -0.26460813575655207      -0.15740752979120715      -0.29382644652267359       0.20367820408077378       0.20348484608206241      -0.14073081934567599      -0.25828865346152380       -7.3529377435223656E-002  0.10919465144609666      -0.21186516674681571       0.11654174557416645     
           2 -0.16614259843278859       0.25772573942040305       -3.1712559866408042E-003  0.24738874112257539       0.23726234881099389        8.4249121514345729E-003  0.37895904228329275      -0.12785665696225998        1.6419806141884499E-002 -0.33292867265733367       0.12890580933658144       -2.6708305257487221E-002 -0.12671539646705970       -3.5682622502305077E-002  0.33316493188794832        1.0594303715195832E-002 -0.12785665696225881        3.0847141382245081E-002  0.37779543239903546       0.23726234881099315       0.24681972171203420        1.7066665542508366E-002  0.25772573942040289      -0.16614259843278847     
           3 -0.11654174557416666       0.21186516674681560       0.11315365350598634        6.7277722529028722E-002  0.25828865346152441      -0.21146012117544838       0.12843622250444200      -0.20367820408077453       0.29653459124042686      -0.15224436708457864       0.25218512710595292       0.28299045308911880        9.3452292759258704E-002  0.36735215237026742      -0.17575740209674146       0.28323214280747760       0.20367820408077417      -0.22361888768978530      -0.10585763631939440      -0.25828865346152435       -5.7800653392095495E-002 -0.11827563450640481      -0.21186516674681571       0.11654174557416647     
           4 -0.16614259843278856       0.25772573942040339       0.21583056241572249      -0.12094798231495490       0.23726234881099312      -0.33240061368687052      -0.18218333319385202      -0.12785665696226003       0.28011478509854232       0.18068430557275478       -4.1322833823277158E-002  0.12498985820961583        9.4259755794176198E-002  -9.1897441139938071E-002 -0.15740752979120684      -0.29382644652267359      -0.12785665696226070       0.31175687120016887      -0.21561212427067183       0.23726234881099370      -0.13819002677372219       0.20521881638637121       0.25772573942040294      -0.16614259843278859     
           5 -0.11654174557416669       0.21186516674681599        1.6873900659060464E-003 -0.13163279973172173       0.25828865346152324       -5.4989708672334358E-003 -0.24734794807749511      -0.20367820408077428       -1.6419806141884617E-002  0.33292867265733334      -0.37116948495662183        7.6903499985803259E-002 -0.36486244246717309      -0.10274401661371575       0.33316493188794755        1.0594303715195676E-002  0.20367820408077553        2.0134041607722999E-002  0.24658845566507009      -0.25828865346152391       0.13133003082731795        9.0809830603100512E-003 -0.21186516674681569       0.11654174557416647     
           6 -0.25996403540584867       0.11843924106391390        4.8586460525471779E-003 -0.37902154085429790      -0.19274504181968713       -2.9259412842012845E-003 -0.13161109420579784       0.21887636234254471        1.6419806141884891E-002 -0.33292867265733350       0.24226367562004078       -5.0195194728316177E-002 -0.23814704600011294       -6.7061394111410474E-002  0.33316493188794749        1.0594303715195406E-002  0.21887636234254540       -1.0713099774521955E-002 -0.13120697673396525      -0.19274504181968594      -0.37814975253935312       -2.6147648602818166E-002  0.11843924106391411      -0.25996403540584834     
           7 -0.24062424126987036       0.20329635314589639      -0.28651510847972994      -0.17035317350715645       -8.0681874360464298E-002  0.28489945055813837      -0.17304165447308387       0.24683530769974396        2.2189194538256341E-016   1.9414676272264455E-016  0.22176787892088734       0.24885762795229241        8.2180567043540528E-002  0.32304406125405438        9.3352559908080508E-016   1.5797574747876528E-017 -0.24683530769974424       0.30128091236826043       0.14262160759737741        8.0681874360463646E-002  0.14635639207141657       0.29948441964641237      -0.20329635314589686       0.24062424126987050     
           8 -0.25996403540584873       0.11843924106391406      -0.33067160598761663       0.18530305951764692      -0.19274504181968577       0.11544152164418897        6.3271607620799461E-002  0.21887636234254448       0.28011478509854237       0.18068430557275503       -7.7661524027391626E-002  0.23490409486530611       0.17715039391373819      -0.17271069461661412      -0.15740752979120731      -0.29382644652267337       0.21887636234254421      -0.10827202511810741        7.4881304924996034E-002 -0.19274504181968646       0.21171940420894594      -0.31441346783246871       0.11843924106391424      -0.25996403540584850     
           9 -0.24062424126987070       0.20329635314589659       -4.2726216326306639E-003  0.33330594926507878       -8.0681874360461800E-002   7.4087434075108868E-003  0.33325098894411881       0.24683530769974385        2.0876049665209586E-016  -1.6122419563892852E-016 -0.32640096719266493        6.7627802912733792E-002 -0.32085464710947775       -9.0351571869910927E-002  -1.0919112434670514E-016   1.9507637423996000E-016 -0.24683530769974399       -2.7126520876225392E-002 -0.33222772758495539        8.0681874360462619E-002 -0.33253931148714094       -2.2993856283124656E-002 -0.20329635314589642       0.24062424126987042     
          10 -0.25996403540584856       0.11843924106391422       0.32581295993507087       0.19371848133665151      -0.19274504181968419      -0.11251558035998777        6.8339486584999623E-002  0.21887636234254484      -0.29653459124042680       0.15224436708457897      -0.16460215159264899      -0.18470890013698979        6.0996652086375197E-002  0.23977208872802433      -0.17575740209674179       0.28323214280747766       0.21887636234254476       0.11898512489262932        5.6325671808969309E-002 -0.19274504181968471       0.16643034833040651       0.34056111643528825       0.11843924106391425      -0.25996403540584856     
          11 -0.24062424126987070       0.20329635314589628       0.29078773011236148      -0.16295277575792252       -8.0681874360462716E-002 -0.29230819396564883      -0.16020933447103383       0.24683530769974399        1.0250763245468171E-016   2.3961439841887106E-016  0.10463308827177781      -0.31648543086502645       0.23867408006593716      -0.23269248938414358        9.0886677592033789E-016   3.4826327403133015E-016 -0.24683530769974407      -0.27415439149203458       0.18960611998757734        8.0681874360462022E-002  0.18618291941572560      -0.27649056336328814      -0.20329635314589684       0.24062424126987053     
          12 -0.24062424126987014      -0.20329635314589678       0.29078773011236148      -0.16295277575792178       -8.0681874360462633E-002  0.29230819396564905       0.16020933447103389      -0.24683530769974432       -9.7290393661978681E-017   8.1857390167698999E-019 -0.10463308827177781       0.31648543086502667       0.23867408006593696      -0.23269248938414386        7.2429067341710056E-016   8.4717982806131016E-016 -0.24683530769974424      -0.27415439149203336       0.18960611998757745       -8.0681874360462411E-002 -0.18618291941572504       0.27649056336328964      -0.20329635314589661      -0.24062424126987036     
          13 -0.25996403540584828      -0.11843924106391472        4.8586460525469966E-003 -0.37902154085429768      -0.19274504181968724        2.9259412842012429E-003  0.13161109420579808      -0.21887636234254493        1.6419806141884659E-002 -0.33292867265733372      -0.24226367562004036        5.0195194728316267E-002 -0.23814704600011305       -6.7061394111410322E-002 -0.33316493188794899       -1.0594303715195702E-002  0.21887636234254421       -1.0713099774521978E-002 -0.13120697673396489       0.19274504181968599       0.37814975253935307        2.6147648602818346E-002  0.11843924106391403       0.25996403540584884     
          14 -0.24062424126987011      -0.20329635314589675      -0.28651510847973055      -0.17035317350715654       -8.0681874360464145E-002 -0.28489945055813815       0.17304165447308370      -0.24683530769974404       -5.0722391781630411E-016   3.3129503367929675E-016 -0.22176787892088745      -0.24885762795229255        8.2180567043540126E-002  0.32304406125405455        3.9932309507119922E-016  -2.9844737381406322E-016 -0.24683530769974410       0.30128091236825866       0.14262160759737752       -8.0681874360464007E-002 -0.14635639207141654      -0.29948441964641426      -0.20329635314589656      -0.24062424126987036     
          15 -0.25996403540584850      -0.11843924106391429      -0.33067160598761675       0.18530305951764725      -0.19274504181968624      -0.11544152164418875       -6.3271607620799100E-002 -0.21887636234254482       0.28011478509854199       0.18068430557275500        7.7661524027391515E-002 -0.23490409486530617       0.17715039391373805      -0.17271069461661401       0.15740752979120676       0.29382644652267365       0.21887636234254532      -0.10827202511810528        7.4881304924995534E-002  0.19274504181968682      -0.21171940420894644       0.31441346783246910       0.11843924106391422       0.25996403540584878     
          16 -0.24062424126987028      -0.20329635314589617       -4.2726216326303282E-003  0.33330594926507962       -8.0681874360462133E-002  -7.4087434075111053E-003 -0.33325098894411814      -0.24683530769974343       -2.8971454506296116E-016  -1.3676107795268816E-016  0.32640096719266531       -6.7627802912734111E-002 -0.32085464710947759       -9.0351571869910635E-002   1.6851871297674223E-016   3.0111879846274663E-016 -0.24683530769974352       -2.7126520876225111E-002 -0.33222772758495506       -8.0681874360463410E-002  0.33253931148714189        2.2993856283125086E-002 -0.20329635314589636      -0.24062424126987048     
          17 -0.25996403540584850      -0.11843924106391408       0.32581295993507120       0.19371848133665204      -0.19274504181968463       0.11251558035998717       -6.8339486584999123E-002 -0.21887636234254412      -0.29653459124042736       0.15224436708457909       0.16460215159264879       0.18470890013699004        6.0996652086374933E-002  0.23977208872802439       0.17575740209674093      -0.28323214280747849       0.21887636234254465       0.11898512489262703        5.6325671808969024E-002  0.19274504181968530      -0.16643034833040718      -0.34056111643528875       0.11843924106391422       0.25996403540584895     
          18 -0.11654174557416608      -0.21186516674681624       0.11315365350598638        6.7277722529029235E-002  0.25828865346152435       0.21146012117544821      -0.12843622250444200       0.20367820408077389       0.29653459124042703      -0.15224436708457914      -0.25218512710595264      -0.28299045308911863        9.3452292759258482E-002  0.36735215237026703       0.17575740209674126      -0.28323214280747788       0.20367820408077431      -0.22361888768978511      -0.10585763631939446       0.25828865346152446        5.7800653392095183E-002  0.11827563450640638      -0.21186516674681619      -0.11654174557416634     
          19 -0.16614259843278811      -0.25772573942040355       0.21583056241572246      -0.12094798231495471       0.23726234881099356       0.33240061368687090       0.18218333319385155       0.12785665696225887       0.28011478509854232       0.18068430557275469        4.1322833823277047E-002 -0.12498985820961615        9.4259755794176128E-002  -9.1897441139937724E-002  0.15740752979120715       0.29382644652267315      -0.12785665696225884       0.31175687120016848      -0.21561212427067208      -0.23726234881099384       0.13819002677372258      -0.20521881638637313       0.25772573942040361       0.16614259843278834     
          20 -0.11654174557416623      -0.21186516674681585        1.6873900659061258E-003 -0.13163279973172246       0.25828865346152435        5.4989708672338643E-003  0.24734794807749444       0.20367820408077408       -1.6419806141884562E-002  0.33292867265733361       0.37116948495662150       -7.6903499985803453E-002 -0.36486244246717225      -0.10274401661371521      -0.33316493188794882       -1.0594303715195789E-002  0.20367820408077392        2.0134041607722589E-002  0.24658845566507062       0.25828865346152435      -0.13133003082731878       -9.0809830603100512E-003 -0.21186516674681607      -0.11654174557416644     
          21 -0.16614259843278825      -0.25772573942040339      -0.21265930642908376      -0.12644075880762284       0.23726234881099262      -0.32397570153543598       0.19677570908944095       0.12785665696225978      -0.29653459124042691       0.15224436708457906        8.7582975513303643E-002   9.8281552952129037E-002   3.2455640672883285E-002  0.12758006364224250       0.17575740209674179      -0.28323214280747722      -0.12785665696225967      -0.34260401258241313      -0.16218330812836365      -0.23726234881099273       0.10862969493831201       0.22228548192888362       0.25772573942040339       0.16614259843278845     
          22 -0.11654174557416629      -0.21186516674681594      -0.11484104357189451        6.4355077202691277E-002  0.25828865346152369      -0.21695909204268204      -0.11891172557305270       0.20367820408077450      -0.28011478509854187      -0.18068430557275483      -0.11898435785066878       0.35989395307492206       0.27141014970791416      -0.26460813575655184       0.15740752979120665       0.29382644652267281       0.20367820408077486       0.20348484608206230      -0.14073081934567666       0.25828865346152391        7.3529377435223031E-002 -0.10919465144609837      -0.21186516674681607      -0.11654174557416669     
          23 -0.16614259843278850      -0.25772573942040339       -3.1712559866405397E-003  0.24738874112257614       0.23726234881099340       -8.4249121514351055E-003 -0.37895904228329286       0.12785665696226017        1.6419806141884919E-002 -0.33292867265733384      -0.12890580933658072        2.6708305257487082E-002 -0.12671539646705945       -3.5682622502304980E-002 -0.33316493188794816       -1.0594303715195416E-002 -0.12785665696226040        3.0847141382244578E-002  0.37779543239903574      -0.23726234881099281      -0.24681972171203426       -1.7066665542508640E-002  0.25772573942040350       0.16614259843278875     
